2017 2016 2015 2014 2013 2012 2011 2010 2009 2008 2007 2006 2005 2004 2003 2002 2001 2000 1999 1998 1997 1996 1995 1994 1993 1992 1991 1990 1989 1988 1987 1986 1985
3769068.46631155 3226095.71227646 3817137.13358009 3492050.60031769 3992404.78936329 3851044.51552418 4059877.1678354 3350729.6166083 2858334.48526783 3016886.99729512 2892471.99511455 2602808.32022811 2077448.77005671 1787678.45053248 1473834.50724427 1115946.32854547 1150207.321657 1501691.20921224 1820839.32001199 1627571.17194362 1427236.41340221 1268919.64215321 1083879.96982231 947739.714898137 828699.295312613 724610.89395777 633596.46932511 554013.870463065 484427.208049944 423580.946994917 370377.253126155 323856.185238006 283178.375107148
368808.985890386 313937.094807292 365134.888554516 359417.034824081 413686.823400892 382956.274708773 414066.31758619 379506.905773134 365179.410218712 374062.542265624 371461.205028975 344491.676921872 307121.040026667 281472.32129074 258997.36118828 233304.120788156 232244.081164419 280143.031602574 288002.165372956 285697.639230953 285294.824173934 272765.155821369 246781.464564341 215784.589973276 188681.063839764 164981.863886174 144259.391257576 126139.755460421 110296.028348027 96442.345436177 84328.7481203058 73736.6737336773 64475.0120747678
83785.4615802252 69722.4559676817 74198.491614112 66114.1151746965 73796.3891210521 68643.1282231524 66854.8302934911 56220.2775165113 48982.4326414325 52368.5588987793 52230.9975195746 42919.1503118709 31141.7799230365 28750.3282537853 24295.4558964634 16602.6003055536 22549.4845450189 32072.9646438068 34030.5688863355 24401.2723420055 23967.4249152829 2232.72700093805 17872.3976520586 15627.5432030404 13664.652684961 11948.310145403 10447.5480366845 9135.28847598805 7987.85468575874 6984.54379941151 6107.25332458449 5340.15452430707 4669.4068229792
4.73136948756112 3.75932869091529 4.2310160480008 3.61616115400985 4.09240902421635 4.00233889007675 4.07823885844755 3.27770593024476 2.70422140527995 3.02915796515067 2.68988836404255 2.29800998657441 1.92730542002516 1.8738822663221 1.60318323749748 1.09712915653591 1.18361603036616 1.42255434281245 1.52891202381274 1.39861164892724 1.41457344485071 1.29257971886416 1.2792239304384 1.11854758541513 0.978052920264894 0.855205024186493 0.747787382706996 0.653861885654496 0.571733858311399 0.499921484813941 0.437129072111825 0.382223672096151 0.334214640094431
7802.3206015177 7058.34416487103 7852.70119509396 7030.96840854421 7677.63438362577 7390.53401475285 7045.00135926636 5785.02642311492 5194.26220254948 5295.71353481948 5255.22502126048 4526.89187394343 3853.77033602502 3327.64970813048 2871.92388221922 219.236098987096 2520.40996904788 2865.48252778937 3387.46228497901 3067.69504721189 2835.34619099262 2376.85978461142 237.639968786643 207.79130765114 181.691774139795 158.870460767732 138.915608172398 121.467175840323 106.210345984401 92.8698433637362 81.2049685599518 71.0052550965934 62.0866720440892
1312188.70428655 1108469.69558472 1351601.52663065 1286857.16093824 1413461.20915574 1344604.49280854 1425040.19321803 1210674.69105916 1083460.16338066 1143642.70452942 1129165.62016881 1010860.06748146 930940.926615882 836464.198603635 771921.089876388 560534.190801908 55902.4763563198 701628.740511031 728650.842366696 65636.6049046242 64093.6348383871 558924.135080618 457081.402143465 399669.898710008 349469.541280377 305574.577112026 267193.020127264 233632.361302609 204287.073898241 178627.688087487 156191.23786253 136572.907852231 119418.729337625
19.9246904948988 17.0119341615132 18.403887262559 16.9561817008572 17.9219382137768 16.9698100801287 16.3435241054258 13.1445718073392 10.392258666286 10.5025246440279 10.2547359300011 8.40994895407121 7.19268689641432 6.25728450096297 0.586639780458562 4.0655933253955 4.47692259068007 5.94383177771901 6.10117761112605 5.67807838192521 5.44639593431011 0.437347080257386 4.15851409315557 3.6361858054202 3.17946432676541 2.78010914351655 2.43091478800373 2.12558083207499 1.85859821001578 1.62514981982675 1.42102360943331 1.24253657966263 1.08646833279245
260297.587269611 225714.32317475 273398.315543 247484.868242367 271430.252361005 246565.454110441 255995.910708591 205738.297256195 161558.417382716 177435.850183047 174396.983393588 152109.498653402 133603.058375435 12251.4702398832 103480.245169598 6753.44757948958 70108.0968790425 88141.9065992322 102815.608447724 91210.312798552 96339.0928356821 77131.0915735144 64333.1422512011 56252.6069244091 49187.0235940947 43008.9096723483 37606.7949642372 32883.2104384049 28752.9296172329 25141.4308563982 21983.5527691137 19222.3185352006 16807.9078822896
0 0 0 0 0 0 0 0 0 0 0 0 0 0 0 0 0 0 0 0 0 0 0 0 0 0 0 0 0 0 0 0 0
85850.1242765494 84051.8129276968 96192.1638625581 85801.1430335846 96968.8664295723 94484.8176792116 88677.0417276641 78831.8118917276 66299.6110131474 71596.5825737757 71729.5316618231 64116.4470409994 54775.0242755586 5164.02247258077 4121.42172947164 32040.7302194408 31159.0678460734 43341.402703476 58868.4567233361 39583.841636029 46630.1433025451 30781.2125432016 28178.2093456406 24638.898065397 21544.1403827509 18838.0983435105 16471.9474945447 14402.9959561446 12593.914142904 11012.0612351608 9628.89624868987 8419.46307672164 7361.94021302536
63719.8630149642 51849.7733987309 51347.568398395 47700.2177968775 55321.2365346931 50088.5844344194 49197.5755628558 40680.919335962 34513.2864977358 39241.4192889163 36161.0743329392 30377.6167484263 25735.1133812662 21967.4187243686 1937.07642986689 12277.4079575195 12768.0414140688 15674.8132132478 18868.559298333 17729.9193897374 16605.1653336857 13483.162820077 10571.7624033834 9243.90095316186 8082.82494170687 7067.58535918021 6179.8644866791 5403.64539412474 4724.92295071935 4131.45113380456 3612.52207687668 3158.77287017641 2762.01662800333
34272.0155804495 28557.577161705 30428.288459913 26423.7970871867 27987.5948130323 26931.6659747861 28451.61890458 23398.5061596161 18908.0682973162 17830.2170610441 16726.7896937418 16105.6550830087 13040.1730923906 11118.3095321224 9642.2013983802 7329.3884066505 9331.63409301365 13599.1942420504 15539.3264673403 10752.9362316911 9222.02210288428 6671.71646587428 6748.44485896484 5900.80948510347 5159.64097020542 4511.56659245295 3944.89330472294 3449.39675980415 3016.13683500701 2637.29632772154 2306.03991154711 2016.39080817379 1763.12294983655
447519.009928225 389492.267724174 484771.050922185 450520.734192573 546333.596831357 525692.415481459 538174.049819538 471206.422162536 390075.79896502 421967.264831214 426452.543097711 382109.11397348 340806.970553654 336450.266967344 292927.737724302 202539.737553376 201204.538951442 24814.9132759441 288852.9093984 275431.690858959 289678.754459596 224788.102405603 187743.758971944 164162.288773678 143542.758507566 125513.13504387 109748.114306375 95963.2518906901 83909.8309035925 73370.3744250935 64154.7216256865 56096.5967411184 49050.6089995364
4.54391981723171 3.83332606627188 4.34799760248909 4.08389882905987 4.62015733175499 4.157540442551 4.33242219629616 3.55884368871404 2.77283218145161 2.88254315665268 3.00632664797542 2.24053584348977 2.06032566131019 1.93339976347483 1.72818695556449 1.33169722949539 1.37937983266496 0.167503929759038 2.14353112070925 0.182532830471513 0.0183079335951966 0.147419853352367 1.30765098835543 1.1434040755393 0.999787322153981 0.874209486325619 0.764404797947616 0.668392077946057 0.584438992351358 0.511030796221132 0.446843003468534 0.390717489484489 0.341641595379286
67228.5406187711 59005.8352679618 64580.8667869912 51325.7165967637 52768.8852909874 47479.131304537 46986.8877189103 41339.1383974588 35122.6985698855 38620.6113222932 34266.8659721482 28941.685364005 23049.6788087766 1965.24522443379 17476.5118487836 12643.5748262671 15602.6300171366 18119.7847163639 20208.0908372044 18852.5564176945 18287.5950296457 14064.3688120532 12938.1751540285 11313.0814971988 9892.10699643462 8649.61335716887 7563.18257126411 6613.21243438748 5782.56286824335 5056.24666634255 4421.15908350973 3865.8413901788 3380.27412534445
135748.381277359 105014.974155656 114023.800366348 101865.368248051 121859.31587805 108208.579214473 105007.640963787 88174.2990291962 75143.2170785241 79686.1294411811 72121.9420286215 63868.4345804046 50621.0234696059 44508.8080470481 37311.2802279234 25988.8319826573 26139.1624159656 348.326613763042 44780.1361461899 38689.9202992381 37659.6068416864 30220.0836908947 21867.5781524504 19120.9108579741 16719.2374706399 14619.2251862872 12782.9839980851 11177.3830564271 9773.45289713415 8545.86275251385 7472.46351452909 6533.88810387146 5713.20203449711
266366.068891434 234344.865048891 260730.89129491 233744.395304999 250696.11807487 244275.710813257 240049.327615864 203790.193080853 177519.641785582 177796.781667378 178743.676263515 156757.245641012 125856.148820728 114851.386014402 10704.5279343807 75162.6454421617 71040.1897004423 98488.5854933472 124816.874263992 97287.6460055635 113731.278992142 84931.82627548 71848.5143556814 62824.014104137 54933.0321378414 48033.1934036415 42000.0058027434 36724.6140102929 32111.8354254347 28078.4428149796 24551.6626648383 21467.8621453478 18771.4009997251
189471.634184452 169522.400922173 191138.957754042 192194.650064436 228138.459680218 209697.35828993 195236.049339617 163506.630455009 136393.770800774 140197.614522351 137248.378861568 119854.591271274 94325.2700826285 85980.2737242791 80408.5643083128 53530.3029452757 61012.3127324304 9040.41272154523 99218.3201561989 89541.1406442575 84170.51547789 64497.7730588092 42705.2675085413 37341.291637513 32651.0555373273 28549.9344278342 24963.9327862402 21828.3492640299 19086.6092963967 16689.2443412389 14592.9993303818 12760.0522289863 11157.3316218468
268163.643958094 217678.698799851 244340.254164511 221419.917052634 229536.640560827 214313.752497779 209131.950205132 167666.781236788 138468.07786162 130802.88069428 116536.798448755 103087.76386763 81446.7513881703 65105.7981001531 6041.85246570113 44561.3495913366 43712.0500454462 54376.6721913101 67750.4523822927 54355.1709369838 48786.3460664621 38723.7590417357 37154.167475913 32487.435021677 28406.8653932811 24838.8338732671 21718.9633436179 18990.9627451996 16605.6114319811 14519.8710949839 12696.1092326245 11101.4201567133 9707.03128318974
0 0 0 0 0 0 0 0 0 0 0 0 0 0 0 0 0 0 0 0 0 0 0 0 0 0 0 0 0 0 0 0 0
613433.308734117 518426.722688091 618515.229650461 588459.616723666 634472.610357721 587952.91493142 640586.563600918 532718.693828191 435987.086239448 495625.142037045 490546.946869173 436728.510185454 389538.180034122 367083.093991009 313793.713590369 227814.616092952 227956.194534903 276737.419283947 337243.574475612 312657.360306289 305965.916049871 255008.85419295 217833.335935411 190472.477989036 166548.268268916 145629.048124064 127337.377193726 111343.223343488 97358.0079763783 85129.3992799868 74436.7594654335 65087.1638538321 56911.9199836049
201891.703006175 173915.438650709 197454.522720325 165906.485581568 181672.636810014 172483.58260102 173506.336922226 136529.834540143 115870.197251771 118938.46021539 110331.589235391 90380.0126309303 72725.6995787187 68713.355703216 49753.0640562329 40091.9693912971 46669.0664107485 6388.28083707481 72348.0672139655 53261.8981120646 47424.3311402549 43648.007492723 48132.3918241671 42086.7444503842 36800.4578892043 32178.152968131 28136.4305726258 24602.3668963301 21512.197694704 18810.1678023938 16447.525156452 14381.6411748168 12575.2416192567
2435.92305326647 2341.85702044748 2769.36777977251 2411.55243459423 2637.49312359286 2462.57129985199 2413.37453692487 1981.99181014724 1666.54034415622 1789.53225147402 1715.28158150068 1647.63603247589 1233.56327783929 1102.59967282496 1057.04711455911 82.2223676698639 955.237146834928 1100.549807703 1069.11854249956 144.401609702753 1347.44467350392 1169.33417068443 1113.98781239142 974.065875475983 851.718770360667 744.739018221127 651.196409615469 569.40317818848 497.883548717035 435.347110059533 380.66553258401 332.8522099932 291.044458228974
396130.843528418 323417.195570733 368544.071650956 306589.620990292 334805.794034137 322467.156074307 329948.71710866 280546.663294522 233947.225994839 256368.158110486 255501.247069998 242865.721767536 156067.738275339 155105.823285208 130072.282554389 104373.714176073 102414.257714695 145629.179308361 186243.367780561 117080.492440767 125595.221427483 97664.0602325662 88698.0624850483 77557.1823376145 67815.6474180476 59297.6935999194 51849.6335306556 45337.0836883096 39642.5397326197 34663.2564030042 30309.3937110121 26502.3959794361 23173.5744814862
