2017 2016 2015 2014 2013 2012 2011 2010 2009 2008 2007 2006 2005 2004 2003 2002 2001 2000 1999 1998 1997 1996 1995 1994 1993 1992 1991 1990 1989 1988 1987 1986 1985
9286.27726091543 7948.49430893126 9404.70943475576 8603.75723432553 9836.53604152109 9488.25085957705 10002.7753177629 8255.56885588649 7042.39967299098 7433.04330291179 7126.50808977017 6412.83116364007 5118.44384004345 4404.50416154263 3631.25159261662 2749.48229457746 2833.89495094381 3699.88527766678 4486.20631976877 4010.02987863796 3516.44263567799 3126.37982678723 2670.47680541938 2335.05277030368 2041.75951988717 1785.30523595308 1561.06277672583 1364.98619048637 1193.53771545712 1043.62394883351 912.540033275539 797.920853829858 697.698364740483
665.573330580059 566.548445882007 658.942848964197 648.624090211758 746.562387039697 691.104319514071 747.247243478958 684.879395342688 659.023195250368 675.054192348151 670.359673627631 621.688954276579 554.2478120707 507.960699209367 467.401128747886 421.033669600383 419.120662786805 505.56178866514 519.744821181007 515.585944368289 514.859001779129 492.247261242637 445.355638228213 389.416944084576 340.504404397956 297.73550220564 260.338568690117 227.638860147781 199.046383753695 174.045252465694 152.184377000945 133.069326942606 116.355214128505
210.481150699465 175.152854503508 186.397300922537 166.0881825676 185.38716152792 172.44142770743 167.948965662948 141.233436936885 123.050927833774 131.557364841078 131.211790837656 107.819089067571 78.232637851544 72.2249667151359 61.0336855274023 41.7081239514348 56.6475539455115 80.5719080285524 85.4896919233997 61.2995116838805 60.2096244423198 5.60893190169072 44.8980378291736 39.2586400306694 34.3275762500297 30.015876512305 26.2457458761354 22.9491607986957 20.0666418035874 17.5461803072279 15.3423002407266 13.415237536322 11.7302226740559
935.654046603907 743.427692852242 836.706432876509 715.115533846258 809.296140141477 791.484281290158 806.493912799588 648.184172737686 534.774489165365 599.032460970755 531.940052313798 454.443972031207 381.135128006611 370.570408832592 317.038203749604 216.963257183515 234.066506821942 281.317857517936 302.350667336944 276.583059595434 279.739591543769 255.61466879578 252.973489002275 221.198867973461 193.415283892853 169.121444363998 147.879021595881 129.304743762054 113.063479721021 98.8621923272177 86.4446512336257 75.5868097904389 66.0927626262846
961.742741994547 870.037469332371 967.952839308405 866.663032892421 946.373460057967 910.984412351599 868.392786025504 713.083639961578 640.263868719627 652.76913317356 647.778370035483 558.001346767564 475.029909597024 410.178345410754 354.003903498642 27.0238481283407 310.675005345331 353.209918453947 417.551063682914 378.135377535596 349.495202709128 292.980481492147 29.2923768274669 25.6131210430095 22.3959965225051 19.5829574769044 17.1232489323208 14.972490970479 13.0918779927292 11.447478560144 10.0096231768837 8.7523689707568 7.65303161233641
3826.08175010609 3232.07756549639 3941.00171535066 3752.21999882719 4121.37226846048 3920.59975386128 4155.13428718595 3530.08704132636 3159.1547347846 3334.63507660742 3292.42277277801 2947.46726859281 2714.43892034454 2438.96353812508 2250.76864695605 1634.40641634218 163.000522618388 2045.81011149518 2124.60119575137 191.383308928154 186.884314544111 1629.71181350666 1332.75862331468 1165.35807732969 1018.98380144782 890.994800492808 779.081800296774 681.22558203252 595.66054994324 520.842875131113 455.422640630966 398.219485189406 348.201306296087
573.733582784986 489.860454248268 529.941891896504 488.255056211623 516.064117757506 488.647486842803 470.613515564491 378.499343772995 299.246194030622 302.421314591987 295.286212206898 242.165374949912 207.114184483164 180.179172979454 16.8923548966976 117.069192383344 128.913462342591 171.153268462316 175.684058476848 163.500871154309 156.829550424251 12.5934557096816 119.744855777752 104.704357156753 91.5530135837844 80.0535385907962 69.9984499695722 61.2063262211126 53.5185332120027 46.7963619776324 40.9185260303521 35.7789730171096 31.2849712428422
1473.53889239238 1277.76379818503 1547.70182579487 1401.00637297113 1536.56066358982 1395.80158987721 1449.18719639072 1164.67995666659 914.578632495019 1004.460428896 987.257471119721 861.08851226476 756.323962599243 69.3553024321999 585.799382357565 38.2311175854411 396.88038796871 498.969386485546 582.036888554734 516.33956620862 545.373476720472 436.637405818633 364.188497370771 318.444765358973 278.446654182193 243.472487725956 212.891235678769 186.151128006901 162.769699502935 142.325084784303 124.448406679608 108.817120668256 95.1491952887331
270.21491602746 233.658091785839 240.505422642242 212.974625438606 240.335654108612 208.136222230156 213.766878595545 177.040285820295 137.031501394868 152.735090755626 148.264519370041 120.790311677615 105.878975473796 87.0063734852815 76.367545377813 51.0720338669701 50.9022653333403 8.88455325996046 101.040572265346 73.0853537276365 75.9714187993434 68.7279613644712 74.2454387074402 64.9198738533865 56.7656423682397 49.6356194523135 43.4011598500525 37.9497767352234 33.1831121386854 29.0151622996653 25.3707259209857 22.1840473304952 19.3976300675961
215.841617456886 211.320360982322 241.843240295037 215.718470393376 243.796000873545 237.550685509848 222.948962265149 198.196402499737 166.688346678946 180.005821975618 180.340078290858 161.199506133951 137.713601878922 12.9832189814314 10.3619457724432 80.5557719728648 78.3391248296936 108.967558768274 148.005177900789 99.5204197533296 117.236004461055 77.389133196906 70.8447463932576 61.9463239640679 54.1655838720944 47.3621401312968 41.4132398741161 36.2115485515776 31.6632133223373 27.6861696888729 24.2086608278733 21.1679428994668 18.5091529754993
1597.21954298404 1299.68062474174 1287.09221661958 1195.66672721622 1386.69727074749 1255.53417966817 1233.19990719336 1019.71906899261 865.119494589075 983.636166448894 906.423395893133 761.453663647569 645.083402389225 550.641335924328 48.5552884712034 307.748871373637 320.047224009115 392.909162264588 472.96447658987 444.423016699987 416.229623394127 337.972653086297 264.994692636149 231.710153744862 202.606304354126 177.158030844157 154.90617625463 135.4492558282 118.436213119455 103.560085969528 90.552468063117 79.1786661391396 69.2334654777551
153.044171476712 127.525932224091 135.879729217277 117.99738252874 124.98063470273 120.265307884311 127.052767941274 104.487726453823 84.4353504682284 79.6221275912956 74.6946926460966 71.9209709882031 58.2318388060111 49.6496176762936 43.0579497363584 32.7299155631432 41.6710889074117 60.7281882981152 69.3919894765943 48.0180167010621 41.1816086148422 29.7930338077266 30.1356700125252 26.3504927677714 23.0407510042346 20.1467278626546 17.6162071929541 15.4035314310439 13.4687778105867 11.777038046311 10.2977884923781 9.00433941172266 7.87335341966983
1036.00634891092 901.674461334447 1122.24481057051 1042.95533951591 1264.76208246752 1216.97775497952 1245.87273403551 1090.84269981354 903.025335949584 976.854068093839 987.237485686465 884.582463025969 788.968015690131 778.882248436434 678.127608709098 468.879420442281 465.788436153407 57.4465154132228 668.694382583052 637.624266434888 670.606213606171 520.38437716689 434.626735285572 380.03564015874 332.301434922008 290.562863012273 254.066845608729 222.154894016319 194.251228715638 169.852390714217 148.518157759341 129.863601515867 113.552142398637
652.349642639383 550.332970218689 624.221992523775 586.306547842137 663.29471151282 596.878935158952 621.985903184041 510.926799310561 398.082746929048 413.833446401037 431.604472206296 321.663413002683 295.79146704558 277.569300408621 248.10784261668 191.185638547299 198.03121029789 24.0477678115306 307.736891676267 26.2053978761867 2.62838571512651 21.1643894523993 187.733430443849 164.153257555698 143.534861651648 125.506230068979 109.742076627742 95.9579725719597 83.905214691311 73.3663380300742 64.1511922202438 56.093510645055 49.0479105311776
1089.13255509732 955.921035018024 1046.23904976567 831.499662862326 854.879643937468 769.183253355842 761.208686167421 669.712610357853 569.003492910147 625.671250658167 555.138620412098 468.868302646457 373.415149936574 31.8378553658913 283.127341882827 204.831591305606 252.769614517817 293.548651276786 327.380148439782 305.41988197773 296.267253727384 227.849092054002 209.604248941101 183.277001756425 160.256576584302 140.127621536781 122.526954812529 107.137011896622 93.6801158218555 81.9134671112939 71.6247630068326 62.6283669425783 54.7619591497994
1536.17551862879 1188.38567995698 1290.33266559485 1152.74365282513 1379.00206254565 1224.52561666458 1188.30269502768 997.810789832944 850.346570477227 901.755734174957 816.156779608034 722.75724168746 572.844966917566 503.677028350886 422.227320248671 294.098589418492 295.799780469023 3.94178414147246 506.74747073477 437.828486955972 426.169104390143 341.980893621221 247.461059155176 216.378824391936 189.200659712188 165.436196153312 144.656657325143 126.487123102685 110.599765034201 96.7079314128289 84.5609752901042 73.9397321145167 64.6525653992341
761.986358873345 670.384149086386 745.86595556428 668.666401192797 717.159745573344 698.793056557278 686.70275407548 582.977208193384 507.825737848872 508.61854456899 511.327300862726 448.431301066704 360.033351773555 328.552318262205 30.622159564555 215.01578921865 203.222789256896 281.743688161909 357.060326573113 278.308192374731 325.348057768395 242.962226102807 205.535142190573 179.718993324673 157.145470197433 137.40728426494 120.148304277208 105.057130689336 91.8614771558615 80.3232577349785 70.2342911622569 61.4125446871231 53.698849700567
375.137496274444 335.639734771417 378.43865315773 380.528832892875 451.694476256162 415.182685803343 386.550541177461 323.729028026699 270.047904035185 277.579186572932 271.73995429697 237.301754851239 186.755900462443 170.23352731796 159.202023160248 105.985383554321 120.799117708964 17.8992375731903 196.443717647562 177.283736742062 166.650362057711 127.700028580555 84.5527469050518 73.9325372520589 64.6462742442314 56.5264081146356 49.4264341092706 43.2182491377078 37.7898404404344 33.0432645700935 28.8928802218738 25.2638030284422 22.0905544396617
646.342693778981 524.661115444067 588.922255620938 533.678404468886 553.241775772732 516.550737671745 504.061274137369 404.119654112291 333.743340918589 315.268263117738 280.883370773098 248.467771433878 196.307418540313 156.921558431908 14.5624035400813 107.404204045617 105.357175789983 131.061631860732 163.295848949452 131.009808360589 117.587521823646 93.3341237568911 89.5510082464785 78.3029942312451 68.4677819450404 59.867917063675 52.3482343333409 45.7730579619761 40.0237536542087 34.9965881218486 30.6008574495992 26.7572505465492 23.3964181556026
401.431714918445 434.135481568822 505.236176433225 456.116701776453 465.435105232649 442.764578467985 418.511199609391 367.783342986207 307.226485457172 327.726973060804 276.565108605413 229.488023747259 187.542443258134 154.379138903068 125.019785547928 93.005325454585 134.899846198745 138.295319238948 149.247634534039 154.506788265481 149.273164406522 136.81458663495 144.269309399907 126.148427838956 110.303611436366 96.4489760541241 84.3345459024753 73.7417432880313 64.479444870033 56.3805332687655 49.2988818076459 43.1067179854196 37.6923181082437
3586.74531771746 3031.24169116007 3616.4593156243 3440.72410952867 3709.76214043 3437.76142352037 3745.51043263316 3114.80686415906 2549.21703449985 2897.92082078629 2868.2286073354 2553.5521412326 2277.63022225315 2146.33530628211 1834.75223292327 1332.0323431168 1332.86015244265 1618.08403410994 1971.8635986312 1828.10797386053 1788.98309098613 1491.03708704788 1273.67178564436 1113.69281526467 973.807931330327 851.493225173128 744.541802535178 651.023965116836 569.252393503348 497.751703274295 435.231825004184 380.56472785606 332.764066797654
829.074522882874 714.189128004396 810.853104797536 681.300114509938 746.044302174862 708.309166849198 712.509139102911 560.663988391762 475.824548866766 488.424465627904 453.080083738969 371.148317312698 298.650334717843 282.173520491739 204.312496403682 164.638912345535 191.647964684795 26.2336728462666 297.099575731857 218.721631981804 194.749482656767 179.241892796905 197.657155755491 172.830517823848 151.122218556105 132.140580430338 115.54312240317 101.030380608263 88.3405052031944 77.2445358769372 67.5422707751018 59.0586543069543 51.6406186603086
118.029905768946 113.472042180112 134.186594132268 116.84905491179 127.796756316446 119.321116519293 116.937342826344 96.035179055761 80.7503338486559 86.709768081029 83.1120355629667 79.8343467351615 59.7709181528386 53.4252242942932 51.2180264304513 3.98399214423463 46.2849392047646 53.3259003904203 51.8029338643694 6.99681722837882 65.2889128124434 56.6587691648215 53.9770237602536 47.1972640272883 41.2690729588144 36.0854896566723 31.5529879980908 27.5897891667815 24.1243861378045 21.0942534938474 18.4447192944486 16.1279786435787 14.1022311576202
832.414876196511 679.617074027514 774.445042056615 644.25622384403 703.548658590648 677.620695753217 693.342174663305 589.530504399867 491.608150045606 538.722677319012 536.900982143716 510.349151095567 327.955041010119 325.933708007394 273.329140479671 219.32710815994 215.209577969203 306.019834721282 391.365005947474 246.028667578661 263.921207862047 205.227686597719 186.386866634042 162.9758282861 142.505322854595 124.606006028345 108.954924821851 95.2696906137471 83.3033840781363 72.8401000797219 63.6910521503824 55.6911662612067 48.6961024322589
