2017 2016 2015 2014 2013 2012 2011 2010 2009 2008 2007 2006 2005 2004 2003 2002 2001 2000 1999 1998 1997 1996 1995 1994 1993 1992 1991 1990 1989 1988 1987 1986 1985
17839061.6108889 15269162.8417787 18066571.3854184 16527931.6001312 18896116.0163686 18227055.5689696 19215463.8677954 15859057.1135474 13528543.0453113 14278974.6322927 13690116.4279232 12319133.6004894 9832598.40826773 8461110.83004966 6975682.4037516 5281791.90357067 5443949.73445904 7107528.62175602 8618061.75811134 7703320.5079509 6755132.87687819 6005817.05478818 5130021.31250493 4485667.29850341 3922247.0799128 3429595.00385086 2998822.26968228 2622156.55056787 2292801.7592768 2004815.42805075 1753001.49011491 1532816.52831898 1340287.79937537
1848643.06896107 1573599.49623832 1830226.77533892 1801566.21913642 2073591.77259276 1919555.89489334 2075493.97487687 1902266.04508189 1830449.93873538 1874976.34974335 1861937.23129305 1726753.3471803 1539434.24292313 1410870.87290536 1298215.86500667 1169429.33159244 1164115.91739101 1404207.85149677 1443601.50438616 1432050.14191226 1430031.04451572 1367226.48865483 1236984.07974941 1081613.25212739 945757.707257298 826966.23684788 723095.515520122 632271.429312889 552855.261504163 483414.125646947 422695.112350383 369602.683342754 323178.904943021
283253.419872373 235710.631919559 250842.760816504 223511.91808065 249483.373350585 232061.749774196 226016.052886291 190063.831748158 165594.857361608 177042.330758825 176577.277152063 145096.725309718 105280.981900025 97196.2038132405 82135.6216250276 56128.3930007266 76233.0181545879 108429.037084259 115047.107642025 82493.3551686906 81026.6476396723 7548.17777128956 60421.1955246828 52832.0185027087 46196.0766388726 40393.6392609186 35320.0144136968 30883.659927882 27004.5317470535 23612.6397124084 20646.7847474837 18053.4546582233 15785.8586255782
12.294945052325 9.76899813255923 10.994725726333 9.39696271994628 10.6345412711184 10.4004848625007 10.5977186534877 8.51745238159621 7.02719448875183 7.87157520338532 6.98994862264268 5.97161278334033 5.00829924624468 4.8694737452924 4.16603477400375 2.85100175126377 3.07574669335418 3.6966522113328 3.97303346780181 3.63443468499138 3.67591303588566 3.3588999254794 3.32419355024133 2.90665971813137 2.54157003475149 2.22233727644577 1.94320160481562 1.69912664336761 1.485708607407 1.29909684763015 1.13592437380304 0.99324710498196 0.868490750182723
20964.6555713427 18965.608038682 21100.0270647419 18892.0500125884 20629.6265785468 19858.1945065738 18929.7562276448 15544.232623321 13956.8627829151 14229.4601737325 14120.6684712747 12163.6540963817 10354.992043022 8941.31804574457 7716.79325842207 589.082343421678 6772.2834779936 7699.48548757652 9102.03306073894 8242.82586519211 7618.50984540628 6386.56744200711 638.5331172661 558.330452965197 488.201608153099 426.881265274866 373.263036416555 326.379501019318 285.384750947428 249.539127975151 218.195878314709 190.789483396241 166.825456354877
5121200.16573634 4326127.15701485 5275020.23114415 5022336.40965466 5516445.73295272 5247712.26038324 5561636.10450912 4725012.04152343 4228520.14359522 4463400.11070559 4406899.05519069 3945177.03757935 3633269.21814051 3264546.15752126 3012647.80019556 2187648.60683388 218175.76256055 2738311.34992442 2843773.00498189 256166.045948928 250144.15402658 2181364.8935236 1783893.84450984 1559828.66246847 1363907.08659388 1192594.15192252 1042798.90117125 911818.615352912 797290.049280139 697146.792111823 609581.983608875 533015.713397886 466066.515035568
60.1969517584212 51.3968626162717 55.6022646372011 51.2284219478767 54.1461886370751 51.2695963334844 49.3774461585135 39.7126949186028 31.3973405888345 31.7304787996603 30.9818536067935 25.4083390459 21.7307177859417 18.9046576828694 1.7723701441122 12.2830678519624 13.5257856721213 17.9576468138929 18.4330238113633 17.1547462945432 16.4547817392128 1.32132346540994 12.5638022992875 10.9857315760853 9.60587371457136 8.39933227762099 7.34433793386944 6.42185567900301 5.61524139184257 4.90994152854542 4.29323053658149 3.75398125070876 3.28246412825854
895363.710769456 776405.252509059 940427.196772861 851290.910196791 933657.512996138 848128.337475583 880566.934784685 707692.327120552 555723.722264086 610338.431907447 599885.430503613 523221.619478654 459563.730005975 42142.2340922485 355948.194826782 23230.3032413268 241155.695813599 303187.845092243 353661.997678921 313742.455258204 331384.276582536 265313.179009336 221291.182817735 193496.003572734 169192.025284881 147940.73723202 129358.70763354 113110.66548476 98903.451344377 86480.727930537 75618.3550901003 66120.3456928048 57815.3294835206
0 0 0 0 0 0 0 0 0 0 0 0 0 0 0 0 0 0 0 0 0 0 0 0 0 0 0 0 0 0 0 0 0
230600.805080243 225770.386390405 258380.411397677 230469.237256006 260466.701182004 253794.33295285 238194.148079054 211749.015407451 178086.447806284 192314.568227325 192671.68089311 172222.281926014 147130.418303704 13871.0077552546 11070.4926393563 86064.152454351 83695.931618088 116418.729046135 158125.72932921 106325.597386823 125252.568673465 82680.9798311181 75689.0897431036 66182.1957516095 57869.4108935753 50600.7496296768 44245.0652866331 38687.6838099311 33828.3347279722 29579.3419965341 25864.0420813991 22615.4007369997 19774.8035239594
168789.589188456 137346.528027391 136016.221091936 126354.637081439 146542.198088143 132681.258083236 130321.036100977 107760.992218599 91423.351743996 103947.85436674 95788.2297994996 80468.2434782868 68170.5673837079 58190.2001444384 5131.18389389959 32522.0197815261 33821.6744834457 41521.5155476487 49981.5320035405 46965.3522236138 43985.9551239302 35715.9825159606 28003.8805583433 24486.4657668292 21410.8542743181 18721.5535766331 16370.0412805647 14313.8896262255 12515.9999733793 10943.9334397703 9569.32561432289 8367.37478502591 7316.39444772319
126908.563931214 105748.116810913 112675.322006306 97846.7733849189 103637.483977942 99727.4013578868 105355.755579143 86644.1837329951 70016.1853245237 66024.9245185847 61938.9558291149 59638.9072290822 48287.4909030387 41170.8699405847 35704.8720910953 27140.5734803854 34554.8477910789 50357.5346430681 57541.8040937583 39817.9001758596 34148.9568616614 24705.2279038802 24989.3515544725 21850.5753193389 19106.0436580496 16706.2376586587 14607.8582098288 12773.0447655797 11168.6922367393 9765.85368393485 8539.21803506222 7466.65340381709 6528.80776949586
1572853.30208589 1368912.12626955 1703779.57423729 1583403.18223934 1920147.70937771 1847602.07550542 1891470.11093754 1656105.23937584 1370963.00906709 1483048.96806143 1498812.95702218 1342963.24477187 1197802.45557653 1182490.35604574 1029525.78400214 711847.51473581 707154.816809236 87214.659983502 1015204.36514475 968034.060801338 1018106.88571415 790041.766482676 659845.4695643 576965.87686201 504496.338033445 441129.302955342 385721.455748139 337273.086207846 294910.052279905 257868.008128403 225478.613231527 197157.473677374 172393.598087863
14.0062670511132 11.8159190165699 13.4023525959055 12.5882893867588 14.241263052512 12.815283732196 13.3543426601359 10.9698491835768 8.54703198635945 8.88520723568424 9.26675988311669 6.9062713744424 6.35078799479184 5.95954913224797 5.3269971714935 4.10484950830478 4.25182729412589 0.516317379417427 6.60726212535075 0.562642756037261 0.0564327315187074 0.45440983066183 4.03072890571305 3.52445101883231 3.0817639376694 2.6946803677431 2.35621625509431 2.06026477471258 1.80148614658954 1.57521129137724 1.37735758733408 1.20435520858162 1.05308271561136
176239.847301791 154683.997329501 169298.961369671 134550.540178512 138333.811806301 124466.703785579 123176.285555945 108370.691550034 92074.2734530687 101244.063600011 89830.7053947283 75870.7263650546 60424.8111921662 5151.89702285579 45814.7350998361 33145.1742997961 40902.3475211169 47501.0771044711 52975.5786847353 49422.0406054031 47940.992410028 36869.7905535116 33917.4700584405 29657.2815240071 25932.1920496642 22674.9907592274 19826.9087683124 17336.558831761 15159.0081761743 13254.9677888976 11590.0835359964 10134.31631904 8861.40008701253
428691.23193858 331635.620396858 360085.350480133 321689.214966848 384829.784012066 341720.974447543 331612.462293412 278453.035833373 237301.086010028 251647.531094756 227759.947390321 201695.501961973 159860.388086974 140558.108864825 117828.430332685 82072.3186122317 82547.0597328725 1100.00991367974 141414.958692323 122182.153780512 118928.440246365 95434.5443005099 69057.4644756419 60383.5327858885 52799.0863752398 46167.2809364264 40368.4604296951 35297.9981582169 30864.4090142452 26987.6988357445 23597.9210913349 20633.9148521741 18042.2012803114
792166.801017823 696936.448599978 775407.907408047 695150.664854674 745564.713664409 726470.564387698 713901.394180366 606067.529560087 527939.490703039 528763.698585487 531579.742183851 466192.583509643 374293.404616693 341565.483284487 31835.0294595536 223532.046118915 211271.953867501 292902.876224954 371202.625057513 289331.308734346 338234.309759593 252585.373975206 213675.893524641 186837.229257819 163369.623315571 142849.655436938 124907.088871931 109218.190290616 95499.8887420059 83504.6682742838 73016.1020651647 63844.947485797 55825.7316424028
696243.463518804 622936.853160696 702370.307475656 706249.615709642 838330.824628704 770566.083176291 717425.718002794 600830.95385909 501200.466198931 515178.291105517 504340.858578824 440424.63719981 346613.11189063 315948.103945784 295473.9771553 196705.557991582 224199.385395946 33220.4252735823 364593.397673551 329033.072195342 309297.861258951 237007.260200219 156927.254512928 137216.477463101 119981.463677686 104911.246028094 91733.91627172 80211.7190781767 70136.7622681536 61327.2658657911 53624.282287139 46888.8284878649 40999.3783262569
985465.216879506 799939.853727399 897917.473109261 813688.326124531 843516.190089574 787574.129990898 768531.705578778 616152.803177228 508851.507112253 480682.941539968 428257.013749753 378833.625908338 299305.824369754 239255.025393774 22202.9927792769 163756.948523314 160635.887260747 199826.935013492 248973.773122781 199747.920804313 179283.240626972 142304.590731237 136536.553461176 119386.941223467 104391.398298687 91279.3637819834 79814.2604489709 69789.2262508683 61023.3819532645 53358.5675764342 46656.4887535963 40796.2215195569 35672.0305092498
0 0 0 0 0 0 0 0 0 0 0 0 0 0 0 0 0 0 0 0 0 0 0 0 0 0 0 0 0 0 0 0 0
2502279.81361831 2114734.73082138 2523009.67608635 2400408.64930506 2588102.05214985 2398341.74219681 2613041.71806631 2173033.66955114 1778451.98387833 2021723.91095011 2001009.24632846 1781476.35530878 1588980.43300658 1497383.01284905 1280008.21601593 929287.515007897 929865.033170496 1128850.43587874 1375663.46115804 1275372.87286875 1248077.54076274 1040216.59576613 888572.484544642 776963.738251136 679373.558215161 594041.148742445 519426.878088009 454184.499258036 397136.860005386 347254.663760186 303637.898284144 265499.596970375 232151.639797832
564032.654668145 485874.283535734 551636.332587526 463499.361766107 507545.867882347 481874.051942343 484731.360223336 381428.676218182 323711.04894211 332282.973785091 308237.625635806 252498.134861961 203176.598073117 191967.157893834 138997.058223106 112006.484614951 130381.174791187 17847.1871089757 202121.591938596 148799.823556361 132491.187060228 121941.125715021 134469.323562455 117579.36480413 102810.861700524 89897.3497706217 78605.8336844021 68732.5833852239 60099.4582383543 52550.6928831689 45950.0867969347 40178.5468621687 35131.9385987139
8177.11413405094 7861.34525725215 9296.44981355076 8095.30476403285 8853.7617271912 8266.56923958474 8101.42135244542 6653.31904577011 5594.38467684439 6007.25439469268 5758.00341688057 5530.925072064 4140.93035530808 3701.3005631548 3548.38585284062 276.011052117101 3206.62147528842 3694.41940119066 3588.90825107388 484.73963169596 4523.21713109353 3925.32061376508 3739.52924073335 3269.82735648016 2859.12216562566 2500.00341509516 2185.99161331037 1911.4211223113 1671.33793403948 1461.41028638503 1277.85050626484 1117.34666956565 977.002844909241
1527737.91992937 1247306.84747898 1421345.40297653 1182408.78612634 1291228.68293218 1243642.87788956 1272496.63840626 1081970.21975631 902252.511395166 988722.193705525 985378.821455177 936648.025915865 601898.604302298 598188.835093008 501643.236411739 402532.859017874 394975.921739691 561640.738438524 718275.438386314 451538.452276393 484376.779721587 376656.073792581 342077.360792411 299110.888121363 261541.199878012 228690.435387546 199965.87635959 174849.252617394 152887.391076088 133684.039251806 116892.715775261 102210.45891334 89372.3603048199
