2017 2016 2015 2014 2013 2012 2011 2010 2009 2008 2007 2006 2005 2004 2003 2002 2001 2000 1999 1998 1997 1996 1995 1994 1993 1992 1991 1990 1989 1988 1987 1986 1985
11342.4774563262 9708.47789460709 11487.1332989362 10508.831443228 12014.5764728432 11589.1727600767 12217.6250347319 10083.5459685392 8601.75259525527 9078.89391263581 8704.48459370856 7832.78281071303 6251.78769015578 5379.7649752348 4435.29610093103 3358.28234141467 3461.38594525533 4519.12689809046 5479.55791289709 4897.94480820422 4295.06574066152 3818.63385174777 3261.78317877679 2852.08837323587 2493.85309902719 2180.61380491914 1906.71879111837 1667.22623703592 1457.81503722977 1274.70683675875 1114.5978592505 974.599297674378 852.185192304334
860.945745229451 732.853093021882 852.368951848888 839.021224354729 965.708331657463 893.971101391305 966.594220875651 885.918912799166 852.472882986218 873.209619434317 867.137071553215 804.1795478405 716.941730806932 657.067497501656 604.60206955743 544.623905114825 542.14935422603 653.964410687107 672.310730976631 666.931057344391 665.990728006649 636.741536501096 576.08534511496 503.726405079481 440.456077082924 385.132790107891 336.758359649931 294.459977719224 257.474464979992 225.134500892837 196.856583413837 172.130501010215 150.510127038734
183.631847875991 152.810084068566 162.620171420365 144.901715777872 161.738886977413 150.444531090118 146.525134488572 123.217480142099 107.354360168977 114.775702846461 114.474210800188 94.0655184371076 68.2531609369842 63.0118376710112 53.2481337109465 36.3877708155379 49.4215038928689 70.2940301732922 74.5844939087126 53.4800506696179 52.5291911390653 4.89344782796591 39.1707743195944 34.2507468719786 29.9486972536442 26.1870046379698 22.8977977272654 20.0217301675862 17.5069097770175 15.3079622677575 13.3852125689659 11.7039689791872 10.233897232486
627.456073220979 498.547751248353 561.101119283327 479.561421654865 542.719587447083 530.774831741509 540.840394415645 434.676788099383 358.623470125922 401.715310329573 356.722677174583 304.753269891383 255.591852195388 248.50707846767 212.608011591246 145.497060457038 156.966617924777 188.653700420394 202.758448116125 185.478512194862 187.595304345217 171.416964338934 169.645770907004 148.337490339855 129.705626746149 113.414009978644 99.1686943898742 86.7126552428938 75.8211512769569 66.2976697560453 57.9703808377473 50.689037289535 44.3222636147808
666.885319541454 603.295653207068 671.191484330332 600.955773709915 656.228053260305 631.688812819577 602.155207737867 494.461762310088 443.96755601859 452.638874155097 449.178212041661 386.925619705648 329.392112069774 284.423167448023 245.47105581895 18.7386988301393 215.426216561392 244.920495937267 289.535509206508 262.20414365153 242.344662205108 203.156596341028 20.3117270635194 17.7604817435869 15.5296844417931 13.5790854292989 11.8734905263089 10.3821261021131 9.07808383401189 7.93783520704632 6.94080699477065 6.06901006157108 5.30671478910184
3853.52340247574 3255.25886552524 3969.26760356851 3779.13189552658 4150.93182114748 3948.71931391068 4184.93598984299 3555.40574274198 3181.81301332544 3358.55194575152 3316.03688431183 2968.6072696274 2733.90758152217 2456.45641828992 2266.91174446634 1646.12880379685 164.169604715926 2060.48319313867 2139.83938752193 192.755959743264 188.22469740261 1641.40053005008 1342.31751442636 1173.71632823308 1026.29221801494 897.385246692138 784.669577382476 686.111508896715 599.93278216656 524.57849555223 458.689050133355 401.075618798963 350.698696531351
447.323266279208 381.929845123729 413.180167823934 380.678163306631 402.360073893912 380.984129973033 366.923570894303 295.104849744389 233.313490707002 235.789039189706 230.226008891494 188.809248321307 161.480861981342 140.480422605593 13.1704742310164 91.2754196179096 100.510049912941 133.443189278355 136.975713517719 127.476839283523 122.275405954695 9.81874847634377 93.361555979739 81.6349198345184 71.3812025351688 62.4153987741446 54.5757407521416 47.7207794413517 41.72683245533 36.4857524780166 31.9029759882253 27.8958170732131 24.3919755470265
1308.03464954213 1134.2485295675 1373.86778574435 1243.64880325642 1363.97797131487 1239.02860852295 1286.41807578914 1033.86598535836 811.855423165704 891.641918562982 876.371154443922 764.373180904858 671.375526269705 61.5654864484117 520.003845002031 33.9370930422378 352.303764676309 442.926379448473 516.663945194703 458.345583558971 484.118477072185 387.595372640407 323.283746350415 282.67783714794 247.17221486299 216.126260256839 188.979818781408 165.243093848072 144.48780954789 126.339483374366 110.470669527392 96.5950508889472 84.4622730735307
186.572429189514 161.331426203875 166.059230168677 147.050332409369 165.942011888558 143.709611425975 147.597351049924 122.239129784166 94.6146884361064 105.45737934712 102.370631303985 83.4008063047157 73.1051340342577 60.0743685610215 52.72868967356 35.2631659358191 35.1459476557001 6.13442332623114 69.7644130508643 50.4624695912581 52.4551803532822 47.453867068202 51.2634611720717 44.82453724454 39.1943714538297 34.2713800988075 29.9667388533201 26.2027801306528 22.9115917463025 20.0337915950815 17.5174562343503 15.317184042072 13.3932760464754
149.617838917157 146.483778716512 167.641733767557 149.532475409746 168.995355099353 164.66620579496 154.544532773423 137.386467783902 115.545604673573 124.777058260685 125.008759209371 111.740831200416 95.4607908585463 8.99975263842708 7.18272940925955 55.8399286332759 54.3033854998859 75.5345092715682 102.594741120714 68.9859087745013 81.2660590548483 53.6448670141473 49.1084063346149 42.9401670982996 37.5466867702082 32.8306521069861 28.7069728513351 25.1012464693607 21.9484157238922 19.191594862702 16.7810432428229 14.6732678723214 12.830238676906
1091.85190904372 888.455677558402 879.850299856644 817.352257193189 947.939855220319 858.277371424589 843.009765824696 697.075249960792 591.391694314785 672.409144290317 619.626850644975 520.52621066022 440.976037067016 376.415876244615 33.19217113535 210.375708330982 218.782805440533 268.590890202779 323.316333651743 303.805523378634 284.532649816173 231.036546038888 181.14914903976 158.395991848736 138.50073470805 121.104412370411 105.89314725657 92.5924862390998 80.9624487519043 70.7931968796916 61.9012493039114 54.1261707943043 47.3276775153724
146.250169285173 121.864746602656 129.847698273659 112.759192352918 119.432441015397 114.926438997975 121.412587230665 99.8492626974677 80.6870603465639 76.0875081142477 71.3788139645545 68.7282245425418 55.6467861597848 47.4455506540278 41.146502851127 31.2769551797502 39.8212081401206 58.0323166395963 66.3115106577655 45.886380405785 39.3534570656478 28.4704487329132 28.7978744850442 25.1807304443522 22.0179161500416 19.2523657191603 16.8341810032553 14.7197312883127 12.8708660764805 11.2542267459888 9.84064466971471 8.60461493279396 7.52383615369452
939.652874804494 817.814486003266 1017.87075300798 945.955576526187 1147.13324680263 1103.79308702282 1130.0006968178 989.389186578645 819.039722911272 886.0020349429 895.419745752745 802.312124107899 715.590271093765 706.442527738227 615.058544455492 425.271424078055 422.467915898719 52.1037186811456 606.502652826703 578.32220394256 608.236674552441 471.986177036699 394.204400105559 344.690534163928 301.395835029744 263.539147060171 230.437431314698 201.493441650975 176.184948759082 154.05531770612 134.705268984052 117.785674407428 102.991257879118
518.920074698809 437.769575314947 496.545566697183 466.385229202661 527.626473209902 474.795173284165 494.766840119648 406.423420102068 316.660139395404 329.189239761726 343.325435193716 255.871378464904 235.291199905528 220.796138585088 197.360635782826 152.081122379256 157.526522164868 19.1291121408606 244.793344517097 20.8454272595348 2.09078387183957 16.8354910277231 149.335018189377 130.577860559884 114.176687257466 99.8355759329554 87.295773430431 76.331027167457 66.7435029152052 58.3602153239622 51.0299067908723 44.6203183560893 39.0158033867874
736.816704734558 646.696844853279 707.798518559633 562.523669603621 578.340624603193 520.365558280474 514.970627893023 453.071975833977 384.940544350035 423.277246648738 375.560722199126 317.19738437125 252.621702460855 21.5388508650495 191.540464096877 138.572056656452 171.002945008287 198.590657216841 221.478240678753 206.621746770887 200.429838030745 154.143787547503 141.800840751972 123.990010082594 108.416300769134 94.7987201923242 82.8915696841513 72.4800114470201 63.3761922880391 55.4158542299132 48.455370844527 42.3691558365122 37.0473971205076
1251.92721574885 968.491137570233 1051.57422562617 939.444180858776 1123.83656147295 997.943872489533 968.423507868926 813.179528518172 693.001549295218 734.898149255049 665.138112356638 589.020883535347 466.847828123831 410.478472084252 344.099920251202 239.679661432834 241.066070309633 3.21241081209358 412.980771032619 356.814304096962 347.312331063296 278.701999087108 201.671769298169 176.340877642553 154.191661212486 134.824487125774 117.889918208209 103.082408184303 90.1347887807365 78.8134492747049 68.9141215129136 60.258194351365 52.6894910182737
584.80790245702 514.505205378365 572.435844694891 513.186871354532 550.404454950444 536.308421926379 527.029378604783 447.42228562715 389.745172084439 390.353633941593 392.432545286869 344.161237952661 276.317740880004 252.156734635519 23.5018392325685 165.019926175608 155.969056050444 216.232132486059 274.036008915677 213.595464438392 249.697534629522 186.468206640282 157.743736467142 137.930405569581 120.605719166238 105.457092187462 92.2112016703449 80.6290552594994 70.5016791265842 61.6463475067474 53.9032858224463 47.1327879099133 41.2126953350921
355.742461083262 318.286778769684 358.872944401364 360.855059467097 428.341358133728 393.717268771198 366.565438585043 306.991869109395 256.086120278342 263.228026943761 257.690689617268 225.032984248521 177.100408016068 161.432260353605 150.97109750668 100.505818690234 114.55366594182 16.9738266343345 186.287354035022 168.117965932467 158.034348812348 121.097791873129 80.1812737304937 70.1101409946395 61.3039883453341 53.603928529144 46.871031254466 40.9838165063349 35.8360627122939 31.3348902126028 27.3990854553066 23.9576356800275 20.9484476521372
612.960579381868 497.56357486065 558.505774863338 506.115141635221 524.6681097812 489.872079457085 478.02766800495 383.247802920126 316.506264530086 298.985382029313 266.376390334327 235.63498218781 186.168591621113 148.816920651724 13.8102888715767 101.857023794814 99.9157198431156 124.29259984419 154.861993716506 124.243452908704 111.514396617821 88.5136308103547 84.925904519874 74.2588245729156 64.931578393264 56.7758767646631 49.6445683619885 43.4089847359625 37.9566187798667 33.1890947913961 29.0203935039797 25.3753000622407 22.1880469388002
322.153341541326 348.398471947994 405.457557180288 366.03864156559 373.51676225133 355.323416583008 335.859814798204 295.150155065145 246.552614608771 263.0044801174 221.946524352403 184.166648888004 150.504861801233 123.890947360748 100.329745200196 74.6377908442541 108.258601927268 110.983506177141 119.772858983121 123.993387370142 119.793346985 109.795202068174 115.777698616766 101.235492982314 88.5198545299806 77.4013581123951 67.6793954243809 59.1785554764856 51.7454596975003 45.2459945624993 39.5628918153878 34.5936126265056 30.2484975096605
3775.69894094282 3190.93078243375 3806.97830440189 3621.9851775512 3905.19642294677 3618.86641403915 3942.82797385317 3278.89825914124 2683.51254544042 3050.58642439158 3019.32999301715 2688.07603028525 2397.6182461411 2259.40657197114 1931.40896525917 1402.20524785079 1403.07666706739 1703.32645135599 2075.74350603 1924.41467944171 1883.22865541496 1569.58653369227 1340.77019308037 1172.36335748711 1025.10918654952 896.350809360536 783.765070085517 685.320611830979 599.241225370176 523.973801435455 458.160308348482 400.613289387587 350.294437797242
597.733568156271 514.905239562876 584.596566658331 491.193417710211 537.871699628424 510.665994398647 513.694026658811 404.219014175977 343.052762520675 352.136859301165 326.654803204097 267.584881575062 215.316386253471 203.437182771291 147.30212317903 118.698864598408 138.171441286844 18.913555348098 214.198343572795 157.690603086975 140.407526648196 129.227099841438 142.503856674463 124.604724007107 108.953803828312 95.2687104220968 83.3025270030163 72.839350657136 63.6903968586824 55.6905932771252 48.6956014175847 42.579212356753 37.231069586231
102.248478464538 98.3000332465996 116.244904128127 101.225515659891 110.709432502978 103.36704526962 101.301998860238 83.1946011779721 69.9534471178146 75.1160631412695 71.9993727271097 69.1599339142094 51.7791266352445 46.2818966102693 44.3698166015823 3.45130441568007 40.0963177821668 46.1958530098784 44.8765178038843 6.06129362753785 56.559326656962 49.0830938229958 46.759916612441 40.8866583688236 35.7511080788393 31.26060626758 27.3341319117063 23.9008405969857 20.8987862898939 18.2738036605181 15.9785307907879 13.971554634998 12.2166638143775
828.472948386968 676.398725196231 770.77763228831 641.205327472685 700.216980959732 674.411800836398 690.058830170085 586.738763458756 489.280123608936 536.171538501 534.358470022653 507.93237603687 326.401999211606 324.390238297275 272.034781415669 218.28847748218 214.190445990024 304.570667807938 389.511684190809 244.863590794949 262.671400369955 204.255824190857 185.504225544931 162.204050933034 141.830484247992 124.015930220662 108.438965219946 94.8185378850106 82.908898184483 72.4951634088805 63.3894410945615 55.4274389260658 48.4655004501425
