2017 2016 2015 2014 2013 2012 2011 2010 2009 2008 2007 2006 2005 2004 2003 2002 2001 2000 1999 1998 1997 1996 1995 1994 1993 1992 1991 1990 1989 1988 1987 1986 1985
28828.7965018949 24675.7143352901 29196.4634305241 26709.9462455234 30537.0481471724 29455.8137242945 31053.1299020827 25629.0123444227 21862.7875685089 23075.5217347767 22123.8980612603 19908.3227242953 15889.9601772653 13673.5691383335 11273.0441133099 8535.63417598443 8797.68916575004 11486.1140533831 13927.209518336 12448.9428960229 10916.6252854865 9705.6942498822 8290.36547406259 7249.05785654249 6338.5432128301 5542.3933504205 4846.2435325214 4237.53329862877 3705.27983921706 3239.87983559941 2832.93618960281 2477.10651678427 2165.97066958837
2188.23707465681 1862.66825443224 2166.43772509151 2132.51225147488 2454.50864511172 2272.17652050175 2456.76028017934 2251.71054142342 2166.70188339553 2219.4077545315 2203.97336219645 2043.95632479297 1822.22687598304 1670.04653493224 1536.69690726819 1384.25240791337 1377.96292448425 1662.15952271213 1708.78975285557 1695.11641588068 1692.72641217762 1618.38471804551 1464.2169002311 1280.30459664418 1119.49251502937 978.879162420977 855.927486569085 748.419100527757 654.414256843202 572.216849165993 500.343809820008 437.498351175917 382.546568029894
466.730940755031 388.392292073112 413.326263775484 368.291856256307 411.086332511441 382.379844995945 372.418045426912 313.177758048937 272.858995296166 291.72157436179 290.955282087249 239.083189656783 173.47678184416 160.155085379063 135.339004795851 92.4855829811372 125.612987465139 178.663991087206 189.56891960952 135.928460391652 133.511692448869 12.4375130713958 99.5590501307461 87.0539805269319 76.1196045525856 66.5586359425513 58.1985684840582 50.8885635294132 44.4967284512588 38.9077369362306 34.0207481805574 29.7475874441602 26.0111551354324
1594.78416584172 1267.14218499063 1426.1319933929 1218.88526455361 1379.41226723602 1349.0526802034 1374.63598500846 1104.80348904949 911.501308322836 1021.02640078227 906.670126299562 774.581217799608 649.629282743126 631.622149747288 540.378689262282 369.805023963297 398.956815490095 479.494815809892 515.344382414411 471.424545839197 476.804725819661 435.684778826117 431.182995577158 377.024449823733 329.668463791384 288.260605033393 252.053761705274 220.394662608926 192.712090380541 168.506575155753 147.341382757314 128.834634807401 112.652418589661
1695.00016563303 1533.37643241988 1705.94500099904 1527.4292387735 1667.91294751258 1605.54237885147 1530.47780022248 1256.75696323781 1128.41752387746 1150.45712386108 1141.66127443451 983.435937590715 837.204940874055 722.908874745893 623.905592279829 47.627525588167 547.541626803733 622.50625259833 735.902743216957 666.435523313964 615.959341945602 516.356342473181 51.6256389638788 45.1412238581012 39.471280788078 34.5135083609767 30.178454704287 26.3879035076147 23.0734627849671 20.1753308949168 17.6412175542452 15.4254003771814 13.4878999176045
9794.37185685581 8273.78284475891 10088.5550308957 9605.29344576226 10550.284911376 10036.3281286789 10636.712172379 9036.65614799256 8087.10797278944 8536.31942033187 8428.2603072122 7545.21004777503 6948.68168141976 6243.49331716381 5761.73394398291 4183.91065649409 417.264406685001 5237.06138269101 5438.75837418593 489.921391456384 478.404433153546 4171.89296087374 3411.72363915467 2983.19562969115 2608.49268764729 2280.85413969779 1994.36848384217 1743.86672962347 1524.82913530051 1333.30365925574 1165.83465427711 1019.40051816263 891.359175692538
1136.94662068151 970.738344022993 1050.16624654355 967.556986111623 1022.66517482082 968.334651378847 932.597397507779 750.058150237561 593.005114679548 599.297133659815 585.157765164833 479.890166719691 410.430518988092 357.054402919534 33.47495491187 231.991688581418 255.463040283088 339.168101773382 348.146600767696 324.003629062514 310.783319519706 24.9559853936433 237.293951767036 207.488751943273 181.427220805203 158.639136535454 138.713339316018 121.290312872452 106.055697809868 92.7346197034398 81.0867296065391 70.9018674936141 61.9962703943682
3324.58802534762 2882.88164269061 3491.91391106907 3160.94066811723 3466.77729971351 3149.19767331886 3269.64590109016 2627.74267940059 2063.46584099667 2266.25651422164 2227.44332257882 1942.78181011696 1706.41277425566 156.478942734994 1321.67642258837 86.2567770531357 895.438723842476 1125.77120012871 1313.18751068593 1164.96167674497 1230.46778025881 985.138226278268 821.6795115346 718.472826956208 628.22937146183 549.320904507056 480.323699966938 419.992858194542 367.239844601801 321.1128494968 280.779614814838 245.512417890192 214.674941334463
474.20491816528 410.050703058522 422.067204649726 373.752923458645 421.769274858208 365.261924400398 375.143262485727 310.691117587451 240.478996719838 268.037502435202 260.192017925243 211.977046664668 185.808879976385 152.689018152695 134.018751217601 89.6272122815005 89.3292824899831 15.5916590894134 177.317880918138 128.258775248264 133.32358170406 120.611910599316 130.294628823633 113.929030715747 99.619026179499 87.1064233111224 76.1654602845125 66.5987319859444 58.2336282819988 50.9192196572409 44.5235340299725 38.9311756123157 34.0412428523006
380.278669083031 372.31293284093 426.089401245776 380.061703504452 429.52985542038 418.526601078178 392.800682475284 349.190601180979 293.678408147503 317.14168571665 317.730592287077 284.007942359427 242.629507016217 22.8743709987185 18.2561036832591 141.926483473078 138.021103058663 191.983541959434 260.76163036886 175.339182574188 206.551230806856 136.347368595342 124.817197848021 109.139589988235 95.4311609951674 83.4445730450998 72.9635550701475 63.7990006323972 55.7855559228084 48.7786363229723 42.6518177002871 37.2945553683258 32.6101895561596
2775.12356689507 2258.15815177122 2236.28615039047 2077.43696063902 2409.34710140775 2181.45495798896 2142.64979424891 1771.73290447396 1503.12053728639 1709.03988669134 1574.8848920472 1323.00410195274 1120.81407997215 956.723673299967 84.3634338971841 534.704918547864 556.07295676316 682.668503925482 821.76233759109 772.172362110308 723.187142428072 587.217880388285 460.420747959782 402.589807500666 352.022696243874 307.807044197465 269.145079190982 235.339232867746 205.779554630011 179.932706449853 157.33233998188 137.570682354366 120.291178823282
371.719175543819 309.739560346534 330.029562252551 286.596276922484 303.557450390795 292.104695408688 308.590321957326 253.783539465098 205.079609108664 193.38908066672 181.421149854968 174.684235159611 141.435579692526 120.590773046891 104.580693417925 79.4955934052134 101.212236070247 147.498802918347 168.541754113845 116.627882049623 100.023368771066 72.3623896101294 73.1945967195559 64.0010223996007 55.9622028370272 48.9330955811748 42.7868761730036 37.4126498824702 32.7134508620996 28.6044926159705 25.0116382177541 21.8700626763273 19.1230833143497
2388.28435978513 2078.61179218304 2587.08813102653 2404.30372645758 2915.63029858051 2805.47406053968 2872.0850679223 2514.69748393836 2081.72593595133 2251.92181020272 2275.8584915403 2039.20995619958 1818.79191592238 1795.54140185579 1563.27378062978 1080.89818913233 1073.77260593372 132.430283298729 1541.52755634956 1469.90224967902 1545.93486151314 1199.63151806039 1001.93617087211 876.088429869352 766.047737634691 669.828656934484 585.695130483649 512.129157689668 447.803405740029 391.557260861686 342.375887651275 299.371918648716 261.769443783666
1318.92183976935 1112.66432312251 1262.05329932106 1185.39577582974 1341.05060237056 1206.77105009866 1257.53236932726 1032.992846302 804.844510737834 836.689307097651 872.618803364144 650.339745335784 598.031792161938 561.190178440556 501.624942908247 386.539514469656 400.379905415579 48.619826073643 622.18307607617 52.9821269448508 5.31407560674401 42.7902058184835 379.559833075724 331.885391373128 290.19907642577 253.748752272405 221.876754650086 194.008024919097 169.639734420888 148.332212063855 129.701011445626 113.409974380863 99.1651656815327
1872.74243407396 1643.68779311916 1798.98787848307 1429.74764207771 1469.94906885753 1322.5957771594 1308.88366259884 1151.55792394758 978.390537792634 1075.82965489721 954.550156795298 806.210008367429 642.080152263765 54.7445785864754 486.832006727736 352.203972860426 434.632479707425 504.751247346648 562.923854573264 525.163599703845 509.42583185593 391.782121705677 360.41046566561 315.14127162275 275.558094287272 240.946744094282 210.682736937178 184.220026754009 161.081153352243 140.848627711559 123.157399331801 107.688269716298 94.1621331516347
3181.98163293484 2461.58161005015 2672.75112284276 2387.7539293465 2856.41789078652 2536.44064368563 2461.40971789484 2066.83127539143 1761.37891541384 1867.8661056255 1690.55934742804 1497.09472663188 1186.57154807278 1043.29943662577 874.58728619358 609.185798402132 612.709587585891 8.16487737700374 1049.65944637207 906.903011390984 882.752163570583 708.367572013314 512.58240712053 448.199724980482 391.90380060263 342.678900424301 299.636871639004 262.001117473067 229.092585240436 200.317514361524 175.156723286637 153.156242030549 133.919121303348
1486.38673319384 1307.70071372245 1454.94108678127 1304.34994812111 1398.9446385589 1363.11722174459 1339.53298693517 1137.19829485433 990.602299795762 992.14880699638 997.432706598491 874.743135349474 702.307582480584 640.89835905605 59.7338406238647 419.425640367567 396.421345758377 549.58999641957 696.508180478267 542.888465216893 634.647892453552 473.940019189347 400.931991760179 350.573109702017 306.539532319628 268.036772571082 234.37013460114 204.932179514248 179.191765503451 156.684464588986 137.004183058091 119.7958344157 104.748932645866
904.178743765773 808.978885761603 912.135388764861 917.173264492928 1088.70093809137 1000.69804541301 931.687144566642 780.270990739766 650.885547438004 669.037893315321 654.963827789295 571.958827698301 450.130197988638 410.306989852497 383.718201287703 255.452285925512 291.157230569663 43.1418088141536 473.480352156818 427.299824649545 401.670631461526 307.790217100421 203.794068142484 178.196606097402 155.81430173145 136.243316613947 119.130536258224 104.167198963499 91.0833249032075 79.6428449451762 69.6393413141422 60.8923232464378 53.2439704393885
1557.94145280206 1264.64073670366 1419.5354930759 1286.37596864622 1333.53142875148 1245.09151946797 1214.98697407627 974.088153379609 804.453412126787 759.921169669768 677.03998349801 598.905572118304 473.178497691967 378.243001850918 35.1011504359669 258.886598856019 253.952451374807 315.910353923702 393.607562362035 315.785438797596 283.432421135975 224.972142118066 215.853337912281 188.741176724886 165.034426319464 144.305351610131 126.179942983615 110.33116813549 96.4730715064787 84.3556148564006 73.7601658854982 64.4955535054511 56.3946185862949
818.806399348003 885.51277161745 1030.53794474033 930.34820215921 949.355091993986 903.113672341161 853.643685099963 750.173301259688 626.654554169032 668.46971180554 564.114075562002 468.090226643297 382.533185551414 314.889487207922 255.004765810682 189.704382652301 275.157276402623 282.083074616391 304.4226793811 315.149855561823 304.474753051881 279.062801711139 294.26831357896 257.306874727651 224.98796073858 196.728449369585 172.018461184821 150.412159925094 131.519708393533 115.000234718617 100.555682086559 87.925430975283 76.8815968602795
9596.56801963939 8110.28230231199 9676.0697340878 9205.8788759827 9925.7074488844 9197.95201882362 10021.354306223 8333.86630276955 6820.59429967264 7753.57373015341 7674.1303014194 6832.19315683923 6093.94629818555 5742.65829746664 4908.99772433198 3563.93829300789 3566.15315015528 4329.28800885989 5275.84801079703 4891.22058143846 4786.53943836709 3989.36572244996 3407.7908641169 2979.75682908884 2605.4858160442 2278.2249448467 1992.06952782494 1741.85653294026 1523.07142846537 1331.76672839513 1164.4907689243 1018.22543092365 890.331684756398
1519.23946642871 1308.71746726183 1485.84958804566 1248.44992081867 1367.09055252014 1297.94271927297 1305.63896783644 1027.38998131104 871.92576032897 895.014506019376 830.247614262186 680.111565362521 547.262474774647 517.069499641039 374.392891656736 301.692943687971 351.185742142276 48.0719525656656 544.420782997366 400.796944420636 356.869125696838 328.452207924031 362.197297779239 316.70366949437 276.924247878661 242.141302579777 211.727253442689 185.133347234783 161.879756625815 141.546922781018 123.767985363899 108.222163365127 94.6289673294172
259.881546128928 249.845914660835 295.455794238582 257.281515700148 281.386470703411 262.724570055724 257.475910498562 211.452941974187 177.798342498865 190.91999139177 182.998403356424 175.781496465326 131.605278525879 117.633152389915 112.77328242958 8.77206527840513 101.91147306823 117.4144582417 114.061147969068 15.4057877742628 143.754953426717 124.752861881806 118.848119879999 103.920255367128 90.8673985459205 79.4540399206422 69.4742510595889 60.747969078874 53.117747811957 46.4459170470586 40.6120985772791 35.5110342461219 31.0506868003798
2105.70205039744 1719.18007136505 1959.05979050976 1629.73018662082 1779.71813732815 1714.12997201463 1753.89950439915 1491.29433817757 1243.58696503971 1362.7693097095 1358.16109405225 1290.99477269173 829.605070789434 824.491845197138 691.421727313702 554.816539884974 544.400709974743 774.117104176749 990.008851406992 622.361618696776 667.623134124871 519.150213222668 471.489900603126 412.268624216955 360.485809550369 315.207151972835 275.615699765688 240.997114062553 210.726780208295 184.258537989915 161.114827401727 140.87807214724 123.183145412414
